5595
7075
1557
643
1843
4319
5610
3094
5875
5600
7531
8850
4090
5428
3984
3598
2956
7480
8798
10519
3458
3448
2056
1543
1302
7156
7294
10114
7150
6732
3579
7078
3600
574
3459
3091
7060
10152
1946
5918
5893
1875
5970
24138
6258
5463
2315
1052
5982
5984
3603
1382
10810
4916
9970
3587
7301
5756
2322
3594
2323
5743
864
2959
2624
6917
5861
3449
3552
5896
5618
282808
1544
4953
5335
4582
27
5336
1439
2057
627
5575
1907
5519
3082
930
1236
7066
10244
3654
322
2908
283
51561
9636
2041
5154
1464
10730
4684
650
652
5196
978
5734
6118
2947
2692
4297
960
6195
1230
2636
6872
5604
5605
5916
2020
10188
2869
1841
6575
6574
10672
4137
3682
4161
2263
920
7025
3084
7942
5791
6146
1965
6667
3454
3574
7057
1537
3326
2794
5291
7321
3606
5708
4324
54661
56099
5576
1435
5451
6303
4342
1558
3690
1719
3310
5334
6361
3563
2662
3980
1024
3706
5800
5717
5718
7337
9270
1104
72
1910
2736
9363
3624
1608
1020
1021
5753
7189
3672
8718
8738
2954
6733
3456
5579
2063
3660
7849
5869
5128
5129
5127
6868
4253
10903
5558
7320
3484
558
2042
7534
4763
8870
5601
835
5587
8073
2077
1643
6773
5062
5802
5437
2549
5591
5909
7905
2932
2978
5789
5768
2072
7571
7042
3562
5771
3932
5583
7317
5295
1968
997
5229
11030
27237
2872
2011
9175
23683
4750
142
1915
2949
1513
2264
1844
2822
1013
2099
7014
7516
6452
1981
7507
5691
7080
5690
5692
5714
5695
5707
4946
7067
4486
5928
4921
6882
11099
2012
1869
7314
5883
4086
843
4217
7188
7013
4215
2688
613
1440
3480
5914
1075
6688
6317
5077
4504
994
5095
8529
2050
3577
4915
7818
7375
2537
3605
7518
6257
5803
3560
7316
3554
3576
2853
3575
7130
6929
7077
3978
4790
1969
10661
2252
5915
6117
5520
5521
7045
5780
7421
4311
11184
2691
2870
4951
387
389
3488
4296
6921
9229
1437
4067
6352
7181
2249
6722
6434
1584
4843
2972
814
7326
7533
56125
6503
7068
6874
6750
1571
4058
4088
5728
3452
1565
5578
2049
9261
6877
355
2100
1852
5715
9034
5683
5689
5684
5685
7084
10631
8543
4087
1559
3428
3716
5774
5775
6910
4792
5424
5782
619552
4603
2059
10131
5298
5425
4602
1562
3702
7251
3308
4321
1002
1006
2045
5439
2101
5796
4610
22936
5806
1549
1548
4052
5786
4055
7535
2339
10212
7490
3479
675
2257
7298
3561
1909
3680
4325
9223
53358
1859
354
2237
1572
2113
2114
203068
3553
4830
8711
5891
2253
90634
116828
10129
10443
10111
3595
1112
990
1956
3558
4893
8970
3442
1950
5608
641
2321
3373
3718
3586
10573
1553
10181
5058
7341
7132
207
2885
3455
3588
2842
5925
3643
5155
3565
5243
367
5008
23532
3441
7155
1048
7133
995
2065
3486
11080
3265
7153
2247
5432
7010
2621
1033
7424
4323
5241
1436
7472
8558
7039
5613
3482
5979
2690
1001
3570
7515
2176
1087
2103
3630
5596
1908
26469
3216
50
5584
2044
2043
1030
4233
8027
3727
598
2254
7706
1588
9366
1004
988
5606
2241
5910
4593
5783
8237
6850
11040
7040
25
7867
2120
1855
6767
1642
9112
8668
3814
331
10788
9180
54498
2784
11065
5801
6009
7334
1890
3439
1580
7428
7474
8111
7027
1432
4804
7525
5921
2555
1983
2886
51352
578
4331
8642
132
26025
2675
7076
3192
4738
5423
5795
5607
1044
7011
3559
1874
7410
369
5602
1045
7158
6416
1029
6239
8743
8844
330
10109
4437
7411
4085
5426
2066
8717
3635
5156
2250
654
7043
3489
3487
993
1016
3485
6498
7186
1777
2639
50618
2193
811
5886
1616
1576
5585
5778
5157
5382
5383
4150
1445
22983
5527
3440
5159
4084
23649
6236
9610
5292
5337
2268
2002
3925
54453
5926
5927
10461
1028
1846
10987
5379
1017
8621
896
1032
25800
441263
580
2064
983
4168
8317
79143
5580
5794
64285
7048
5922
5204
23433
5911
5912
5111
8826
388
4609
3710
653
4163
11245
10983
22800
5901
4133
10408
1649
5987
3964
596
5906
187
4292
356
7124
7471
4605
2248
5966
4092
4193
4857
7159
572
472
8837
7015
5563
5781
5888
7508
5887
5387
5898
2067
6237
5871
2122
4299
2071
7476
3815
1947
9518
1326
4914
4771
3725
4363
7049
23650
5329
5908
26292
79109
5933
2117
8013
1647
324
901
8900
2353
5894
6497
7409
100129528
900
5923
892
902
899
7423
94
284
6879
8714
10257
10057
4194
6714
7157
3845
6502
1019
890
891
856
285
7422
3791
4091
7046
51582
837
4846
383
4842
1022
838
2272
2242
3673
4839
4832
4149
894
397
5934
672
1386
581
5586
597
4214
2185
6500
638
7029
595
2697
3695
567
898
208
328
6273
394
3298
7481
1026
3685
7465
1027
2023
6198
2534
3055
2078
3728
3726
3201
5879
4255
1000
3688
2260
3693
3676
3490
1870
1495
1510
5599
1010
1012
2702
3655
4613
3481
10963
2074
5588
999
887
2118
1009
2048
1496
7475
54361
6696
7520
5330
1810
4920
4919
4487
5730
3817
3550
2131
7332
7071
5573
5899
10153
2488
7052
3915
4146
5764
6285
2775
5515
1509
6723
4134
3297
6402
3816
9318
4776
4775
8536
2841
3623
4049
5860
338
262
150
6401
100133941
2475
5175
8638
2922
7707
1845
3301
4170
4882
3164
5530
9585
7384
467
3930
6774
2827
4070
1195
391518
3975
7280
4586
100508689
6654
6655
3150
240
2689
2335
5747
2741
9312
4249
651
4254
2835
100129271
6569
6223
7092
11250
388567
2797
27291
51050
9313
3748
2590
3557
28778
9407
26584
3537
10895
26532
6035
2304
430
152789
4729
10725
10002
23093
49855
374378
5309
2081
8993
10720
643733
10824
7710
9001
711
8433
5276
4440
8647
27302
2957
1607
9671
57824
6570
6011
4544
9248
5651
10692
5273
23495
9083
51360
3060
4635
8688
135948
2838
10798
2217
26707
8756
9332
6932
643332
11027
6014
392
11024
2306
51350
28823
6758
1638
3128
3111
2911
9711
5208
641339
8658
7033
51032
1720
4111
9168
1057
221823
4330
9637
5230
4287
6331
841
27335
6846
2215
9488
5317
3069
6132
8085
10628
6137
6203
3514
10660
9046
3268
690
84733
8344
8342
3889
32
3752
7544
57142
417
6175
3604
5275
2312
58503
2299
6222
6141
141
4142
153
2570
3949
10794
1144
3211
7114
9058
8808
3500
2567
6204
6512
6492
10622
6230
1310
1080
388699
4115
7178
2917
8170
7932
10877
3883
1757
91316
1978
2582
7799
6911
9447
2778
171220
22999
7416
5118
10158
10018
10648
22798
10630
347853
2006
4494
4489
257
22996
90586
6564
84991
10744
442240
5554
6572
374291
6656
9462
10825
10850
10917
11131
100505879
26238
22989
6530
22986
100287387
50674
26103
26102
6048
11311
100128124
83939
9770
3207
6731
5937
8019
7152
1462
105371807
303
54738
3043
26239
26091
2747
2746
2303
2859
55547
3344
8973
1775
57152
4589
7556
6156
9612
2906
9228
4438
1527
5097
5301
225
4018
1473
6469
20
2556
954
6884
3010
8535
6019
5024
3227
80316
6801
58
5078
8740
27284
94026
8330
3009
8368
100885778
26154
140901
6295
26659
84059
55619
9942
7479
728361
1534
6441
2771
2703
639
115653
374286
5729
5973
4917
51581
10656
819
9889
1586
90627
8626
306
22978
157
10749
9519
7031
5641
7110
23308
6817
2261
2326
54555
54556
1272
5481
2766
815
4037
2548
2562
283238
3059
23082
1523
4199
3053
23307
10618
6525
23306
8394
23305
3273
4528
91289
29902
57794
3416
617
2104
3081
2000
29984
10208
8618
23078
2729
10206
57037
8726
8573
8406
2615
9704
10204
4318
8834
3508
23076
10200
10926
54623
56987
8576
23075
951
1962
6760
8260
10634
51665
100499177
8697
10061
8939
7993
259230
9136
4552
27030
4907
7262
7702
1117
5797
402
1060
51594
11259
9695
9694
8971
8514
1734
26039
5138
8811
3281
9045
3955
643314
9087
8928
2001
9557
1821
10748
56136
5629
29909
50937
26211
55811
1581
8209
2251
5991
689
102
1663
9665
577
5988
7289
4068
2290
6227
26986
6128
2575
2197
6176
8747
6168
390502
30817
1733
4868
5470
23434
2151
8913
23562
84560
4225
3000
3834
5210
8456
1417
10580
2018
79166
55023
85021
11248
57576
51517
85235
10564
19
2676
4143
5367
10879
10690
10803
22990
85446
8749
26108
25775
84612
389715
51109
346157
202559
6934
9693
5373
5170
790
1120
7764
3126
11102
10929
8546
10495
8614
9690
11083
1676
100506963
6924
79053
905
5414
10234
9486
137886
663
55756
9684
5087
5469
1390
719
9683
5790
23060
10232
9682
9937
7541
10231
3784
4734
23303
10227
205564
7107
6584
200576
7738
8548
9576
23057
9673
9672
26038
9469
9670
55621
5116
1292
9667
5190
2588
26278
5345
818
5267
25966
6697
5348
9425
202
11322
26574
5884
26137
10615
5293
6821
1294
57187
636
6362
27246
100506033
9666
23396
26136
6720
7164
3714
1759
7739
6653
22843
6788
116039
5993
118
10160
4477
2803
5905
286
7020
5819
5499
6477
100616446
6432
7094
9512
1827
23014
23013
10247
9368
989
8773
8603
2319
23012
9295
4005
65125
8140
55251
4661
9415
7703
10154
339287
55832
8402
54939
8976
55
8636
10616
5148
8575
8476
4354
9710
23625
5236
5719
9131
10248
9352
22836
81566
11165
9874
3146
28973
84901
10147
9873
476
5552
161
9470
4711
27348
1861
23295
7327
23008
274
4147
5711
23435
1410
9878
56339
80335
3075
79921
7276
473
6844
2145
8682
9031
51603
9133
3004
25850
8061
10376
2547
6590
6161
3738
1122
2572
100131434
6899
3823
9522
23025
10584
3973
10255
763
2515
10141
8503
7054
2977
1278
7169
6229
3320
60
7292
312
3133
3746
7200
7529
84851
5454
3891
3892
205
3418
256051
226
5539
4904
1585
2035
3739
57834
11199
10892
2843
5409
3818
64067
26115
3762
80333
8838
8840
8940
9023
4990
338645
1271
10326
5100
6291
2999
26032
1508
10246
56137
788
5315
6096
7348
23659
388714
9987
2068
7804
5681
4298
4902
8189
93164
1261
26027
140710
84720
4656
6671
6208
1825
5137
2830
9495
8447
363
3036
1135
4100
1421
7582
2925
7783
6138
4082
6143
6193
496
1503
100506699
7712
155066
5049
6870
2516
7379
1609
6332
932
611
27043
492
5545
6528
2561
347344
395
579
6171
57556
1084
2694
7253
5020
3742
5081
4114
10753
387082
8792
3221
90199
479
64582
1238
4151
1158
1281
2904
1089
1814
7008
3352
1180
3753
6536
2912
64714
57821
81544
81609
2907
23216
23215
8574
84302
4741
1522
23473
8882
6422
1212
83700
10974
8192
10970
10971
7082
10791
2200
10682
23205
7018
10920
5533
2273
6251
2271
10728
5069
1050
2202
5950
6907
11338
10401
25804
23514
2022
483
10952
6604
79586
1119
10950
5048
3248
4144
8239
6609
4676
8665
29893
6945
6597
6002
5862
4629
2037
23185
678
10036
4691
56948
23351
23180
10575
2926
4753
7248
5304
55715
23177
10409
126208
8572
5037
2934
9899
1615
55215
644
26998
1785
2550
4881
2673
26953
7716
11119
3382
51592
11097
3383
23047
1463
2632
23511
23046
10490
8788
29114
10902
8777
9657
6293
8890
9881
9656
6005
6038
5495
6387
1287
23635
9655
7059
9654
103344931
11120
683
4329
4644
9650
23043
6548
7112
203197
9649
5733
23041
27336
5090
3612
5817
2634
421
10024
10733
1794
7290
11104
7881
23040
2800
8673
1606
9148
8460
9140
384
1477
5264
637
273
4621
85453
63931
5529
23035
5880
4720
5238
22841
9135
55187
64976
217
6232
2316
3609
4701
23450
7170
59
1891
8480
6406
23524
10404
6491
81550
23001
9871
2638
2683
3117
4714
5359
7485
3708
667
2199
8899
8661
5903
22916
27346
25949
28639
5645
10067
6256
9870
10299
10175
706
25948
7572
7172
4641
22998
10300
3434
6449
23541
3371
85236
4850
3934
291
55823
1200
3276
953
10295
10440
10296
8780
10554
10555
4628
65979
7555
605
2091
3339
3895
4638
5704
8243
9972
10659
25828
9868
23291
57553
29855
6772
940
22821
57172
6736
100996492
9719
1121
7053
4361
3751
6010
10647
92558
8435
90338
51230
2642
22994
154661
1630
5581
6196
4524
81569
6095
168374
85360
3475
6344
5551
3362
362
80853
5456
58509
56905
3938
347902
10021
55183
6853
10893
8785
25833
57171
22829
26095
57038
26094
7592
22979
9949
3394
29906
1621
6091
4153
6335
7399
10281
11281
921
51499
124152
525
6608
10260
1491
58528
2015
3304
319
9214
23544
7425
22927
9413
27035
23404
7552
9750
6550
147
6299
4093
2491
1187
5989
6538
266
51364
51666
8712
886
631
4926
26762
9333
8440
27290
63928
26648
6527
23620
944
5161
7975
222642
8354
5071
4010
8608
8336
1215
27296
9152
242
3007
534
9028
261726
8989
56548
50852
54346
10052
9098
2016
54550
2569
55567
9420
9941
9119
25859
750
2811
786
57338
5787
3024
7366
3061
26212
3062
5063
390999
10228
8515
57242
10814
5133
5626
3756
1943
3239
2359
8807
8419
1053
1232
2527
7277
4889
120
58473
10062
4591
6657
11126
10370
3223
6206
54463
6001
57215
7444
55120
55830
4017
1474
3231
6659
2314
109
6573
7329
8425
4291
11041
3292
2863
2175
51663
10978
57050
382
3425
3642
3730
4901
124565
2730
10420
114034
159
283537
4756
23341
55752
585
83475
182
5504
2584
23155
23759
55719
55062
9125
1723
4798
4647
23568
51761
3996
2395
2297
8464
92154
10658
5611
7528
6238
6183
56998
23032
7741
22976
8324
23031
50626
23030
6197
27339
1396
89795
5920
9879
201134
23024
9848
90121
25816
1124
5603
10213
4306
9277
23023
4172
9830
7813
4678
8604
1743
6407
8034
55556
5828
9212
10396
8242
9091
1657
6288
8898
6296
9641
3898
409
4353
80143
2021
51490
3633
10125
10126
23017
23016
2532
26035
221443
166647
7597
8082
3669
1992
27341
2990
51099
1409
6936
9760
10150
8312
10866
2810
23011
745
57493
4782
8218
7851
26034
97
91949
6521
8560
9867
2782
10073
9604
9282
3797
7283
6938
3842
11152
10289
8349
107
64750
55534
10787
57460
23284
22992
10602
27102
9659
22893
27352
6307
11031
8880
717
4646
25836
117178
11044
8202
27163
6439
831
3005
8522
113419
26100
11269
55308
26099
2950
10423
22985
171546
5648
11015
26097
10486
25776
22982
2286
3956
7803
22980
22930
8539
6309
6396
6184
10155
1114
8455
25941
2331
112950
25940
10282
6662
24140
23558
150094
6935
6988
158471
57515
4077
18
10627
6692
5688
51412
5327
375790
229
22919
23272
5028
10371
9934
7498
155
90355
10871
1829
10878
80852
2329
27098
2735
8502
10876
142684
7142
4295
4654
10874
6045
3242
7098
7032
6476
10650
2110
8499
186
6340
5969
7432
104564224
23746
11249
3631
7634
2981
6504
6953
3045
130
2155
495
434
248
1399
4887
3760
9834
131
1088
3824
8092
11082
5023
5593
3882
283652
50804
3904
140883
5411
8633
6329
6698
2524
623
3358
6579
1235
100129973
23547
11153
25770
1285
173
7252
169841
1143
10462
1482
5260
7718
339
10665
10666
26050
3199
8326
8484
27303
8999
80342
51043
27121
5897
50859
7691
114548
27314
8175
10750
91752
8698
215
8471
4821
3354
9073
64135
3492
8387
7266
3213
6928
775
777
11060
6712
10907
5205
199
6535
2760
157697
7903
55661
343
8748
4617
129025
6167
6164
7678
1072
388650
84140
1438
3183
5478
6136
5992
7367
6159
5453
6160
6152
10383
871
2825
55000
7482
148229
10816
100462953
2637
91694
645961
1830
5239
255057
5027
22897
5225
6915
10253
5105
9875
5142
9092
8605
8501
5152
10162
5443
25830
10245
3149
57403
58525
11346
56902
1244
9527
4130
5433
8927
9016
9052
9056
9179
9429
27042
9399
400410
10712
51606
26033
50628
5261
11319
23526
11257
10076
10625
23002
26031
8639
5680
669
5195
57234
388685
9568
7433
4744
1762
9019
1147
23507
8028
25950
6916
25771
6843
9040
5364
576
9731
9891
9583
6359
10301
8000
6942
10124
10199
23293
6478
8505
115
10421
3162
7056
9857
64771
22874
7005
2770
8295
8728
10298
7372
4650
7415
3945
60481
950
3856
12
25792
6605
54741
1387
6709
23270
7917
3709
7163
80256
10135
29105
7072
8828
51382
8933
55968
10284
23352
4848
8613
10525
10771
7171
84271
6777
51780
2350
23266
6944
8992
25937
80303
10280
2181
26056
10278
10277
22889
10006
9146
10120
9993
8490
25932
5318
10276
26751
2033
55361
10445
223
22926
10272
2030
2819
1365
8932
10534
8672
823
10262
10269
7916
2235
84193
11188
2036
8479
7106
1729
2542
23258
4900
56252
2817
23256
2879
2935
10406
26054
27101
2581
23333
3736
54435
4185
6812
2495
334
959
1395
3766
80317
3592
23643
9808
774
5251
566
1420
6346
7681
3467
4112
1618
4888
10633
685
3175
2672
5244
6037
5207
7594
9398
7009
213
4637
2980
4829
4922
28387
858
7754
3284
7167
4352
5284
2918
28954
30848
58504
8739
5449
5737
1136
551
2921
2205
1184
2559
100861554
1758
7287
889
9754
6554
115426
3578
6540
9437
6367
1101
84830
11077
196993
23616
5017
2712
116285
23143
2054
11055
970
91
9153
7700
2116
9400
9436
9480
9563
164656
6756
2779
10336
2833
8552
10004
54434
283459
6718
6169
9294
3776
11247
22997
8705
7431
22995
4148
3933
3507
2768
5625
27185
3275
6121
390616
23431
785
4026
482
79962
1447
54516
7101
9024
9390
10317
9515
23657
22987
57826
26716
6754
81698
1134
10333
4968
6496
5356
25834
26093
1141
7299
8332
6507
30816
4025
26257
6534
1791
4952
5311
56926
8227
53942
57228
8704
9278
9639
175
3340
26112
10297
57060
5939
490
9869
1690
167227
157680
10752
53405
57798
5296
10802
5724
1185
10294
25945
1264
116985
23288
57468
80271
1043
55578
23287
23286
9865
8609
3641
51460
22993
57795
1441
3995
11183
10216
7355
11143
4820
221395
390940
10767
3547
2626
26013
221749
8492
7957
440073
3215
55122
23279
5900
8694
8869
9863
4289
23277
9894
5833
1730
23623
6447
10287
26098
23658
10930
5999
22828
5978
22981
770
1964
7447
9603
64131
8100
23276
10286
23275
57007
9862
8269
3801
4281
3697
23598
5167
8666
219654
5093
4154
9375
8334
1357
353
2745
10499
6240
10939
6210
11230
6286
284119
10447
1203
10084
1315
6596
9167
2047
10007
9929
1948
3735
22823
1155
80777
5471
6770
8518
24148
5571
25915
10653
11231
6249
5092
23244
4204
6150
51020
9159
6518
6414
10450
26227
3066
9927
372
9989
10075
6347
11142
477
123
26284
30968
1350
1641
7398
6391
8930
9926
7373
8974
3476
23394
9925
171023
51747
10808
5741
27089
7386
11171
4240
50813
8078
23241
5919
6253
26020
4597
9061
81565
23392
867
349152
22866
5890
7352
25854
22865
3140
3764
8174
2875
9047
1796
6360
366
10786
7288
5272
25787
339479
9142
9910
1137
2984
51678
167
1556
7781
6278
9256
6847
6339
1773
1610
6247
3360
28
22797
4626
8323
7100
375346
2069
7404
9230
1014
79441
946
25794
375035
8794
9509
23546
9487
9014
8875
89
1267
9478
860
284001
6694
57538
210
22853
8972
81620
152
6557
3157
23105
4883
610
337
55966
9623
729678
23769
146691
4988
145678
10821
2899
30850
26330
10308
440193
1669
11189
1812
5458
2520
9108
2742
3846
3857
4157
4987
388818
6276
2206
10773
9928
1446
797
1539
3884
6664
6233
2780
766
1944
4110
4107
6445
11144
4985
6506
7596
1746
8288
265
1270
1735
6218
9712
4640
1448
7143
7275
4248
2220
5132
6532
11016
29851
10399
7745
795
23217
3765
3859
2165
7274
3549
1823
5079
3849
1671
1670
3906
3090
3886
6875
9537
1770
2070
2814
3363
246
124
6927
5858
6191
6188
6201
6745
5139
1312
4861
5913
8776
4355
11215
5620
9631
6039
23274
84864
2213
4799
9197
7030
4125
10623
9882
50810
6271
11037
116987
26509
9861
9723
5965
79912
108
57380
23271
6601
10093
10610
6603
26275
4040
23607
185
10612
1742
387590
10086
27095
23269
1107
8547
10735
23268
9371
25939
2305
10772
2744
4781
2289
1353
2909
784
10768
7216
22984
3799
10291
3998
6093
10466
54874
2309
23513
3035
124222
25780
1318
22890
140609
6845
57147
10038
8893
7779
8754
9025
9126
23395
9933
29957
64112
81542
2166
8612
10391
6902
5538
10103
23580
133
131578
27090
23654
10671
3720
9184
11078
23389
55818
4898
399665
5269
39
5358
5352
23471
8611
573
90410
6228
26018
9924
219333
55186
79080
11251
10539
23387
57017
518
64689
10054
57634
11273
2119
8763
25901
1803
29978
51567
6389
8408
5438
81552
9922
26017
23386
23385
5878
23384
84263
10531
256987
9658
25813
816
2222
6301
10477
6790
57019
10914
27122
79572
23510
10916
2802
51097
27013
4726
2170
23381
11155
91782
10529
10908
9821
1362
10051
8813
79171
29895
9921
1373
9144
5962
3074
523
8655
8795
64063
11196
374
146057
3833
8224
9099
222255
2901
9625
92104
57157
23604
779
9051
6546
7293
6327
9265
326
9717
28513
23096
23095
4660
909
910
7755
943
8477
22849
9947
5083
352961
2327
9497
1677
100130449
84898
1208
149111
123720
57125
10261
60489
200316
22848
23090
8843
420
8654
8607
26240
2208
10225
8351
8530
6862
730092
22847
26873
26150
8632
27299
10219
3270
27036
23081
3741
1592
7222
8483
10205
3178
7696
26040
6444
54014
10203
7113
7855
10196
5818
8744
222658
10202
10201
9015
221830
8864
4036
23072
4332
3929
941
972
3137
11261
9534
8929
658
6660
2444
4986
6374
10793
1140
2560
11074
9758
5146
2651
1142
22918
9154
4607
23142
4908
1815
353500
2128
5990
2892
765
9364
416
23138
286205
6373
3083
55109
181
6013
2762
199870
6473
8690
27079
6869
3386
27255
4923
7547
2512
268
51066
1237
9542
6621
9127
11026
6511
4113
2563
8542
51046
2815
55888
4004
8796
881
8600
23114
54737
5009
8787
6580
8856
64405
23253
3931
100507605
6533
80350
10526
239
6194
10163
3012
680
6677
2936
3381
4542
419
81576
55916
8736
10270
57209
10535
83989
81553
23264
4335
7041
23263
27134
958
10263
10268
4683
55643
203069
5193
6905
8861
22888
92
22887
7466
54520
10311
23262
1307
4123
6683
8459
8228
1917
1798
23259
11197
26229
113251
21
196441
2173
27097
9855
9854
90326
9853
2731
1102
2877
8634
9373
122616
57146
22884
6428
8091
3191
8732
23522
9037
25920
11190
6337
9852
9851
5523
11236
11193
7358
51574
10873
4238
11235
54587
2028
5813
7626
11234
7629
2139
5932
1374
148022
6728
1070
8434
81578
2010
84942
9849
23248
2153
10302
10560
9134
11237
3096
9847
9846
10906
10527
8884
139322
9169
22877
9535
3692
1979
4722
9513
10904
64844
23640
6633
10096
2787
64210
164
771
1364
10418
6235
8887
3918
975
55218
8671
11017
23229
23637
253943
9532
6738
9453
4706
8664
8569
5306
2058
10482
3638
7511
1665
2665
81605
6768
5305
8804
4171
9919
9918
10670
10724
9917
10664
4891
11011
9817
8662
6586
51552
10897
8667
51706
2318
8727
90865
8908
9475
25777
25793
5045
4218
10475
201562
2805
4008
3158
10116
30008
5564
8533
51363
9915
5701
9145
22907
114932
23371
23369
10367
65018
4651
10521
8883
3611
4811
3958
7756
23220
9913
987
9696
27301
284323
26145
1297
7003
51750
8996
10230
3269
10229
43
23460
53616
1954
8513
3037
10635
27304
23760
9201
4326
27242
22845
6865
6898
8997
6372
9605
7570
7429
8029
3073
23053
4012
2915
8538
56928
83450
10001
4209
3033
2801
4886
55558
7536
2733
9725
23633
126353
115703
438
3820
54581
1833
9651
10168
9607
23456
6003
2828
22925
8820
3589
55972
54788
3356
3772
1277
9644
7633
10863
8528
23026
1109
2914
8825
676
6617
4224
8123
4109
66002
1286
79646
1068
10100
1418
55346
8315
25763
269
3351
8289
27236
11021
6334
747
148066
23101
27285
284649
5506
55001
9080
10846
27306
733
10050
735
781
7456
11181
9722
9721
9720
9718
8793
25774
3617
8372
7221
57096
9283
9498
9194
116832
9468
7259
7546
2158
65243
7360
6097
57591
105377443
25943
117
83637
10599
9002
56242
8340
8710
23086
54739
778
100616497
2696
2160
6543
314
5408
27297
79173
10221
27232
2281
9991
80868
647979
10218
3067
653483
9708
7539
26148
10732
4261
5598
9931
23245
10452
10654
25759
24145
22881
976
6448
6640
7108
3993
868
9844
10454
92249
11238
340591
862
10651
4925
9843
6642
6834
26053
1036
9842
4216
2874
5332
23243
6049
6895
5663
839
4885
22915
5289
6405
10267
23242
478
2975
25909
7984
11240
10174
7802
92342
5099
1804
9839
56829
22880
6015
100272147
4784
25907
3241
9448
1130
5805
3426
701
3835
1106
3290
11145
9975
89944
55312
201254
27165
54674
8566
25906
6819
10351
3431
23239
22911
3283
26019
4521
8544
3839
54963
4642
125
115353
10097
2633
10473
8897
11117
8396
89927
10898
9812
5094
27020
10474
55854
6390
5627
10594
10972
3705
10755
11052
10856
10576
10476
60496
23219
23218
8481
10139
3875
11345
9810
9289
537
10522
23365
4713
56950
6453
6047
3800
23363
9341
23710
9909
1781
22906
9559
9526
11343
9908
23362
10013
11344
3597
4189
10059
5050
3704
23360
390
9070
26003
1535
6431
10094
11342
23534
10480
29072
1476
4155
54205
8841
629
5479
10472
6829
22872
1397
23705
23214
10079
23213
51141
563
51433
10726
11341
6713
26001
5441
3572
91754
6385
10427
23358
57178
23210
1408
9463
6571
2897
6482
6565
49
2494
10795
6582
177
9450
10157
5140
2649
5051
8879
11166
22834
51083
3798
6689
10107
8287
11252
6017
223117
54363
1378
3952
575
8839
9048
27334
9271
255926
6555
2597
6523
11063
22822
64386
4585
1820
10003
3626
220988
9940
6947
3044
10388
22977
10859
7173
7554
10637
4277
5321
5457
2553
1740
4745
7051
23281
9369
124044
1369
5173
100130418
8303
22891
3551
25797
405
10198
11216
79621
23390
4033
4300
4435
22943
5638
9150
23236
5968
8988
57418
84148
51778
9923
11157
9242
55957
11130
23235
1388
4234
22878
5073
8517
11129
6666
25903
11156
2882
4222
8677
10464
10463
57211
57213
6663
8859
51176
9829
100129361
11272
9828
5224
5435
10312
744
25900
3621
51668
140890
9827
8733
6710
6450
9156
4978
5147
10973
25898
24149
51560
9825
119
1031
23383
9823
84164
4038
6729
9404
57212
3785
9079
23382
6363
9973
57214
55705
7743
4692
11020
26011
9540
9575
54093
634
6302
9820
23378
8624
22876
26608
8935
283450
7140
25999
65055
9592
6426
7419
6348
4680
345
522
3119
5184
5868
7138
1198
9322
8648
857
2531
7263
4357
22913
80347
9905
4493
1192
501
1832
10439
1108
826
10758
6310
836
23208
22827
4947
6746
333
1809
23207
23646
2664
1660
9807
9806
358
5621
5799
163
682
1738
8050
1345
22826
533
4694
23474
10923
8943
65108
3097
6903
7247
6472
3927
10922
5351
16
10921
6050
2971
3608
7019
9805
23647
4043
3419
5213
1116
9804
1611
607
10919
2739
5569
5792
4704
6566
6397
6046
599
9258
9314
5567
8723
11329
10613
23576
98
80740
6421
10249
23765
113791
2258
9060
1457
23468
9356
4303
5450
2889
2538
6702
7096
8187
3357
114
126
51754
253982
127833
1489
6863
140
4045
5592
27099
51760
2799
4145
23329
10411
4795
2846
9508
942
23251
5375
8851
6541
6900
916
4294
23247
3003
4807
1656
8581
3761
100506070
5294
3887
2528
147339
5029
10663
6789
7693
466
5630
796
5590
3640
4103
7639
732
6531
3786
23237
7545
2660
3881
5136
5271
2123
23233
7464
55117
2295
23232
64595
2529
2554
136
1411
4808
3758
6462
4250
883
7109
15
6129
4063
696
22904
7798
169522
7586
3080
7093
2150
5995
8341
3759
54491
81621
54626
63923
3713
8200
112479
6133
5568
51018
8941
6559
7368
7225
9331
3101
4956
5172
8809
11045
7380
26138
9182
570
5163
5746
56253
1240
904
7694
8193
4062
1138
5582
22844
94039
2740
26085
9389
1993
3665
30
4007
8646
26471
91369
11318
80349
64087
8001
5494
3950
10048
100505933
9706
171558
3778
6368
3068
2219
5697
9920
1299
26009
8833
22909
22875
9533
11018
10322
9529
10321
3663
1837
9111
10868
23376
23464
7137
7270
2622
5256
5000
489
2591
6650
6474
1955
5631
4046
2203
3613
113146
1174
1952
5331
50814
5218
6366
10667
845
10142
8427
2239
5286
2963
22908
13
8076
10668
10020
25888
7307
9517
23223
22873
23373
538
50649
25827
2135
51634
435
79090
8871
5740
85458
4236
23370
23368
23221
9093
10479
2152
403
9814
23366
10478
91298
26005
8623
6623
9912
782
9911
5096
9811
53844
127544
7737
1497
57030
793
23204
8554
3421
5996
9555
10979
329
9354
64795
2617
3698
378
9049
1938
23353
231
6567
5245
2132
2628
9221
3636
4200
1538
5720
7414
23203
10985
6925
1363
4668
4190
23518
52
23201
7866
3309
7873
9802
3397
6647
197
2266
249
3615
3295
8404
10928
1831
10935
7832
23200
4942
311
1490
158
4633
830
977
5340
55699
9443
5394
53
7390
3181
9414
948
1718
1284
8766
929
58498
4878
2592
5034
5834
1727
2354
23644
440
5547
4351
6351
5216
6185
9276
8407
6734
347
5108
4256
220
1349
6342
114876
66036
2140
3790
283298
320
1826
4751
56062
9095
6370
11154
5565
6792
1368
3687
820
23764
25893
7182
148
11019
5165
3172
1234
6326
5075
146
89845
126393
6703
5723
1413
23639
5166
8448
9815
89870
55568
6674
375057
799
6854
1359
23504
8786
100131510
11006
116
3568
145389
1131
58495
2566
10368
25876
6036
4760
5929
1269
2792
5542
3902
4935
2172
1191
5265
51351
1444
3315
4736
2623
2262
10990
7168
152185
58500
5660
6693
2535
4752
4948
2796
945
25786
3620
55503
27112
26191
1178
57235
4016
8412
9319
84162
8674
221061
8148
10900
460
10346
2962
64746
23361
4285
25778
10331
2717
26002
8829
11004
5655
55735
10005
26059
6494
1795
23515
51690
9411
7991
2890
80301
5810
23212
8382
23211
25878
22870
3161
8504
23357
56311
23355
2038
10776
7436
1380
25998
2184
4835
2109
3235
3860
23354
2207
5493
27349
3679
2230
23492
23595
406
23209
6304
7162
6786
391
114088
547
6885
1268
4598
4360
7306
8208
7884
1519
6484
3908
2982
2357
4534
6990
6241
2356
7857
3306
5597
10964
7705
3914
29889
6876
2976
10397
51526
7264
9124
427
2823
10962
9798
5325
10961
23741
1453
54732
740
3030
4089
9797
10960
23613
7791
6051
1912
25875
1314
5226
8720
288
11340
23199
23505
10959
10992
9491
51669
8775
23198
6515
10957
6726
9097
3240
3422
11313
84823
7126
1605
7345
6429
7295
527
259
10956
203
6311
7328
25874
824
645
967
3512
10955
5104
847
2958
832
1636
4599
216
1892
5320
3006
2244
1401
1512
5549
3936
9516
1316
79026
23645
539
23197
23196
4837
2876
8125
27230
23195
5033
5825
3122
23193
23192
8692
3399
399979
5686
4864
10953
3782
491
2115
7006
7187
7363
2646
1118
27012
100272228
5657
728215
7941
26220
4359
1258
2138
6641
6517
5313
919
11049
56171
9753
57151
8852
6795
1587
9752
8909
7517
2358
1991
6568
5498
241
752
25855
146227
5468
1511
6940
8493
1452
8858
5209
9392
463
10740
8277
4818
5346
50853
6737
22861
30837
8620
11202
27130
26576
2902
10603
3002
23132
1896
3169
2674
5198
51588
10578
23130
6320
11025
4057
27252
23254
5467
261734
27253
26047
794
201191
27245
6699
26156
8030
25841
6007
23498
6314
27074
9745
55589
9493
1361
1062
9801
462
965
91137
4778
4358
6855
2571
6804
5055
26
2920
5106
5372
8936
9796
2039
1583
1003
51626
3661
3700
2147
3699
23194
6906
8781
9118
622
6668
1774
5836
3050
4283
5577
2952
6443
1352
23189
662
317
5347
545
9903
9787
9786
4973
3827
10947
9088
23438
10687
79068
2983
7347
2551
65057
6943
8622
2824
6618
8395
7692
8509
58497
5274
10060
8836
9783
7580
7064
8216
6878
3707
686
4671
6901
2669
9780
10507
212
4897
6622
9794
9793
694
2961
400
84549
11337
2997
391322
1778
1063
143
10951
2146
23191
57720
5328
6888
9792
55837
2107
9791
7265
7037
2224
5355
5341
4723
8659
1786
10949
1716
23190
6637
5635
3712
3108
813
381
1163
9324
5716
7378
6672
10948
8615
7324
9789
4061
9158
9788
11331
3300
10611
529
307
51035
4000
10946
9647
9360
10945
7980
10944
9785
1514
5257
3280
730
9296
8625
8644
301
8991
10982
9902
6837
9744
1800
5003
23120
399
5452
3134
5480
6558
54535
27324
22854
247
9063
84516
3763
4184
9742
9738
7782
51601
222161
55687
50855
10329
9737
2852
28232
7369
10845
6357
3957
26045
8318
1295
7074
5194
11076
8934
3495
3717
9735
3903
10799
4126
3868
11339
284403
54476
10590
971
51362
57016
9734
11001
4213
23112
6508
79789
80742
11194
3087
3755
7728
55922
10592
57154
8431
55660
51379
9482
27077
8630
6319
10747
23109
23108
26747
432
27309
33
9262
8876
2004
444
8912
5649
9779
34
23508
1525
1385
9308
373
730101
23179
9172
6404
10184
9459
4783
192683
27241
2157
9640
3775
7016
5653
5822
25801
6522
10643
130916
25992
4800
9901
25988
23531
23349
6297
10016
23348
885
23452
4739
5121
84986
60312
26999
6457
5537
3866
8284
2189
6627
7701
5957
23542
7351
1160
635
23732
5333
11336
316
1893
6581
2593
3176
1280
3795
4682
55744
4982
5816
2887
549
54462
3217
23173
6883
11168
4929
761
3662
4129
1459
91851
4643
27000
5047
7062
9767
5998
1793
3249
3251
10561
23172
969
10714
313
23170
3145
23608
23186
23523
80781
9784
2804
22937
5064
10989
26206
1653
1819
1967
5693
7389
708
481
310
3910
7874
8439
211
5250
5151
25805
9590
9100
11309
8301
7374
2212
10994
1622
23469
9781
7417
8165
10988
10512
642
5997
8452
593
5511
2734
128
8226
4208
2596
22938
4345
4670
54861
8079
3329
1725
5501
11222
5955
7514
27044
2060
23429
55233
5110
6749
292
5831
9638
6764
308
9778
4232
7336
9777
1977
6602
3959
22903
6259
7805
10458
3141
25802
5705
3064
4350
9170
6873
9344
51755
23322
23157
10745
22944
27293
27445
9379
27289
115123
92973
8745
6871
27287
5892
155060
411
6120
11160
433
23545
54629
9525
27286
22941
2645
51375
9254
23316
317781
727
23403
56890
58510
8537
400506
6355
22852
2585
9980
54665
2620
10867
23094
25974
866
9149
911
22850
2161
1259
590
29969
9466
3071
23092
10083
8496
6585
57185
28996
7349
9183
1486
8832
92211
8292
644128
26152
913
1629
1959
4340
23085
8458
3375
8629
2330
10223
26151
135138
7166
189
10220
2960
29798
26993
11200
23169
961
286451
1301
8453
10559
2765
8799
30849
1429
4053
2791
3909
3054
6810
9618
9765
29994
3163
54468
3689
6578
5307
4884
6948
55937
688
4801
540
1059
9321
5930
161291
9128
54475
30836
27350
4606
27239
23503
2643
11332
528
6632
5550
10395
41
10330
222
115201
83604
23163
9435
6814
410
29780
7940
259197
5742
23162
11177
1776
23161
10943
1536
11326
113878
23475
10413
9541
1627
1632
4001
4686
974
5744
6261
3703
513
2332
1760
6499
1371
10190
5091
8525
11046
962
27065
25803
664
8725
2201
57509
103
3184
973
9776
5339
22902
2192
55885
6520
23350
9775
9900
151011
412
9107
22934
1839
4060
10285
2589
60343
11170
1501
9774
4118
2162
9577
10542
1805
4725
6217
9771
57326
9961
3148
1728
23176
267
1186
3185
8731
1176
6856
516
1293
2317
55970
1351
4048
23347
4853
11335
3321
6275
9898
3965
2034
93487
3182
3115
9538
23175
2182
7095
23174
221154
26058
1666
65117
10412
9094
6386
23345
5885
11334
9768
9632
6464
2995
7453
9962
8872
4192
5054
633
6382
2710
9536
11135
159963
5324
80184
7486
8468
6282
8790
2134
55322
10520
5650
201626
10207
9705
1407
9938
4507
4013
3364
3840
5001
4188
1797
9700
10195
9699
6103
8497
8821
6542
23230
10238
874
23067
5662
23066
10681
10266
3294
7727
5678
4320
246126
2294
5076
9
4122
9681
23059
9678
9677
3792
90806
2245
586
2196
3780
9675
4761
6123
23443
5731
6835
2583
695
5727
758
221037
4588
2650
1398
1806
10256
5031
11138
6619
3757
55174
4286
1577
3805
9454
7090
22899
2903
2687
6514
51208
10384
29760
9762
51442
23160
140465
178
23158
25983
84804
6813
81887
129642
6262
5877
6505
25865
9759
11072
374868
11070
92856
4794
5532
10865
2781
840
8751
9166
9757
1428
154796
5698
6591
10636
5179
9455
3233
5089
9477
9600
3779
3569
5531
8321
7753
102724200
9365
10565
23154
4849
60436
169611
23152
10840
9338
51439
915
3991
9506
54504
51599
9562
50486
6490
10165
6016
5025
23150
7746
8424
9026
27067
23338
7840
11064
11062
26610
8309
83737
57608
10465
10426
1051
8653
10468
11056
10235
54870
7305
7091
5189
725
1854
4615
5682
2098
37
7994
963
10457
10775
6809
101929524
4548
2618
11034
2937
4938
22796
822
10092
9766
23171
4719
4131
57804
8567
6629
26065
3920
8087
7102
6744
1069
6992
1603
991
908
271
9897
1290
200081
2274
162427
23344
3155
1306
4312
2194
2167
14
10549
23168
22794
4779
54470
4179
4237
8048
7503
156
88
80344
6741
10975
81614
3384
6628
7136
1528
4703
4698
272
7841
5066
3257
7103
10513
23167
6897
875
10540
29890
6433
10541
1366
23399
6616
4717
7135
23166
9982
79868
8942
56
2525
2005
1415
4336
5699
23421
25961
219
726
11213
57711
1995
10940
3543
655
6324
10379
10389
9971
6563
933
8233
100506658
10254
5144
4841
31
79629
9880
3684
1748
9824
22954
9187
22808
4869
238
3625
3556
3683
91543
9546
3897
55973
11221
4685
4099
200424
27340
246243
4998
9514
1300
912
10210
4899
3112
11116
10138
23461
3017
939
56269
2776
6690
8707
3437
2168
2169
5145
283638
6556
9130
1506
7439
4624
7695
4852
4707
6999
9032
6442
3858
3990
10099
10467
8473
10562
57447
3985
9570
23564
6560
23140
3131
2648
253782
7127
25822
5947
6748
3671
4015
5160
51042
81628
214
92689
5829
25852
5967
11316
171017
22862
54838
5376
79022
1211
8036
1339
55544
8815
10428
9267
51031
23131
9748
55905
23129
5514
55958
6631
6782
6635
3646
8314
27032
23673
9114
25847
23126
51493
56650
6440
4664
10632
9747
4724
8545
25844
10382
1465
54107
23549
23499
7322
23122
51430
6721
2993
2994
10645
25840
25839
4905
10574
57658
1291
55644
84726
8818
90411
23165
2288
23164
1207
5350
9764
9948
6612
677
9266
7979
3988
3691
947
104
116372
4854
521
11260
8772
11333
11118
11328
11325
6652
23405
10252
8038
3065
3491
873
8417
4035
517
54726
10327
2965
79987
5371
7086
2052
1650
6611
7139
7343
713
23516
8906
1025
11075
9218
10857
83988
1434
7050
11047
2137
10014
471
3913
7249
9550
10552
10579
9552
10558
5754
9403
10424
9263
10553
2243
10551
8570
55324
2783
3113
11073
23467
56255
5393
5217
10422
51421
10042
5164
6742
9833
653808
4014
116986
10149
9662
57188
25956
5444
8631
5985
9402
2204
23007
8915
7773
9730
5961
9687
140462
60682
6283
23005
1179
1763
9077
9211
9372
325
4547
23506
4689
30000
6545
55669
10869
2709
6708
100294145
5980
1594
91647
4928
10
3077
9836
374819
10046
9580
22832
1111
5153
7180
7543
7553
449619
8120
10716
57405
3052
4520
5475
5509
1305
10293
7434
552
51172
846
27124
23285
9866
7454
176
9524
9556
9467
56005
10318
115207
23119
11315
11151
8565
10605
4712
23118
4709
54386
4700
9581
23484
2923
79084
7468
56941
26268
440348
7913
8835
7122
6576
4836
4191
8557
754
64963
26046
4313
1356
27258
2029
9474
8857
27257
4259
9741
10572
26173
3417
55384
1327
3843
8896
10567
1346
8848
9528
25978
51366
10516
51465
1737
7038
10095
8527
79602
94239
9733
4855
63940
4826
3861
9129
6717
10606
3831
29
1717
684
5476
70
4239
4201
5528
165
6624
4601
80308
4758
10589
22928
2079
11014
4502
309
7323
2027
7134
5349
10430
4833
11163
10550
23476
4625
6651
10484
1233
6695
4620
29899
115817
7408
335
4047
22974
1975
7392
9601
11067
78987
54499
5253
9235
4501
5826
2821
7220
5524
23339
65110
8467
10043
23151
9943
23478
54505
23
11051
4772
10398
546
5546
26994
60676
8161
10912
5709
10737
22809
6455
5162
64149
404672
57498
10425
23479
9189
23480
966
84890
8031
5214
1056
6252
5553
2521
2014
6923
56270
2986
3749
284439
51112
5536
26146
56967
5473
2526
55702
55786
57144
4879
1054
7356
10288
5288
374977
8540
917
11122
9147
9582
1105
101928378
93436
24142
926
9378
759
6861
10274
360
4856
8801
26064
5624
11278
55658
9122
3104
29901
4939
51752
3754
5983
10332
10178
23636
776
7047
10695
9826
120526
357
5130
10766
100131825
57863
285672
26135
5255
8805
8706
8470
10402
22868
810
825
1824
8945
10279
624
2348
93
57799
8418
8115
3937
834
2558
64410
56623
80055
535
7837
3156
87
347733
1282
1822
377
3015
6281
29896
10577
10657
1175
2719
1081
3336
9588
6059
23327
10436
8724
7105
27243
5507
60528
8894
23324
81631
51512
204851
23107
8678
51029
26057
387263
23321
112
1994
290
9587
22929
928
55746
10617
8443
350
257407
7070
10434
7026
6904
23102
552889
23317
5976
649
35
715
8853
25976
7726
4983
3190
23097
9043
8405
8764
7296
10915
7381
10019
7405
9520
8702
23313
5201
665
84364
1389
100505761
10314
25972
1329
23451
8703
10233
3423
6711
3196
57680
54805
3312
4076
51317
26585
8602
154881
79071
133619
5101
8551
29927
2966
84900
56288
63941
10570
57165
80114
92482
4301
51367
56951
23141
8675
55041
400961
9260
9057
23617
3166
116138
6272
51341
8507
23336
51406
4862
23127
3622
201229
8564
23466
375056
10058
657
2125
157922
2898
10505
5158
25928
55806
9071
9858
1475
1540
10446
23261
23552
1828
28952
9856
321
10875
4496
112611
22885
2705
6529
152559
11186
25924
9595
6493
3212
157562
4121
23255
3977
1404
51308
23252
8521
4693
1241
5460
8411
9367
5322
5619
2013
4322
6274
9353
221981
1836
7023
7141
9945
10309
54898
11232
25758
407
783
8800
393
80003
9401
6375
25913
443
5972
9628
3851
9841
10102
1672
3177
2868
4124
1161
2743
2786
4858
7021
8416
10039
26052
1842
5639
4618
9837
38
359
6779
7704
6338
1414
4356
25814
5977
1471
27295
51100
64764
79073
1604
23089
3291
84525
9320
5178
10556
7403
3159
23309
8895
9110
6415
9315
5589
6284
10765
6451
9553
8454
9584
2641
8446
7001
9053
9709
9255
4817
998
4627
4666
3032
10010
54987
1654
4976
5431
5436
5710
55742
51304
11068
3678
7494
6383
3916
9444
23080
9202
3263
90
83660
5440
10694
9887
9886
79033
11161
5018
710
23077
4245
6894
10438
9703
9702
80273
10400
6588
488
10236
2631
9101
1173
10197
23304
6234
2171
10456
8985
6354
755
753
25842
26959
79036
51635
29937
10591
653390
4616
50717
54541
10123
6155
51593
50488
1145
6305
168544
23332
8531
9120
9244
124801
27429
8722
3787
287
23111
57104
51343
6166
8676
2017
339105
9726
1153
23326
7284
54039
27288
955
1678
27292
23426
9334
374655
2788
23774
8449
91746
220965
199731
8886
10085
10518
26286
10629
51257
9394
7226
6209
10844
10882
94134
23091
1298
2913
23240
2051
8444
1849
9609
729230
1288
157869
10538
4999
7584
2191
5068
1945
4337
10924
5357
9832
9831
11127
9306
27235
57194
387032
6102
5881
10675
23641
4056
190
4066
2840
10536
956
56061
56929
27107
3293
2159
7443
4481
11146
25895
26235
6891
10325
3670
1041
5002
5277
51741
922
5199
659
10494
2813
6495
8846
6483
10320
6356
2334
1193
10500
375449
25891
9818
2124
1951
3750
2218
6769
27109
92346
1953
5616
218
9816
8578
11012
7512
10403
102724788
5646
8178
10193
9698
1612
9139
9697
10121
23071
23070
4327
10237
5837
5326
10241
66008
1739
9039
1997
6811
6840
8241
1545
10240
9692
10797
6857
7165
48
11098
23065
5360
2180
23064
7024
23063
10497
8204
114049
604
11176
4059
760
498
9086
10938
9181
3651
9885
7430
4594
11100
230
9689
3420
28951
174
509
5211
4175
7551
10491
3029
3093
10492
8729
821
5396
81855
9685
11167
9380
9551
23061
5770
10980
7844
8450
53340
9679
140885
10493
323
25970
6634
5830
6890
3983
9674
4632
9883
1311
396
64061
55884
10226
23401
1181
131408
10009
8660
10498
78992
2670
2026
653238
3014
10217
1644
687
10209
7087
5872
6594
7357
1040
10614
9013
9701
2580
131566
10040
2487
5442
85359
51704
9984
2774
65258
7699
84679
11103
55794
256949
23543
7542
22846
100506603
2355
8559
9688
1400
56848
1628
5713
23062
9686
4735
1675
3170
4931
283212
8774
1620
8789
23457
9362
54440
26872
9914
23432
3385
129080
7022
10026
54454
768
7097
7036
1602
646
9143
11005
40
1780
8556
9173
952
4913
869
10481
7291
7922
51196
8685
11054
1478
1183
2232
2523
2568
57150
25880
116228
22871
3658
23359
81611
84869
29799
286148
22824
11169
9635
2737
8045
8273
10693
4791
1317
2769
6403
1370
3135
1813
5407
27063
1960
415
9904
6456
1996
22869
1392
8563
4867
6364
1902
10991
10993
6583
2677
5362
5026
4223
2324
134
55816
4653
8881
4665
11223
3838
833
224
11258
23054
9232
7407
6598
22948
2040
6793
5300
23301
11212
1942
9275
23300
5420
293
25963
4659
439
1500
1999
5252
9663
7538
5981
8904
6430
2195
23052
64116
6776
51
23051
26133
9416
4802
6392
23048
8888
4967
5824
254531
8428
3836
827
3607
10485
54765
1756
9188
51742
285527
9191
80228
716
10641
3566
65009
4604
5445
9246
8761
6513
2941
2108
9653
2625
1123
5534
51614
8892
196
9652
5788
5863
2752
84444
9355
6658
332
9669
65012
343990
445
429
4695
728093
27333
2979
6909
2767
10762
348
526
7593
2308
4293
9231
7111
3267
5763
7204
4927
113
9521
6645
996
6949
80765
3338
83941
200734
8445
1808
23033
81688
6461
80208
8669
55623
55573
27338
5074
89910
10215
4580
5283
10140
100526833
22894
4673
10211
9997
29781
9044
3674
1524
7504
5122
1394
23178
6000
5191
3305
9370
9185
2328
957
923
5873
36
29903
6489
6539
54466
9358
2998
2888
2644
221
4828
2701
27040
6400
1164
10782
3745
54474
3614
8737
9976
925
11262
8975
5949
5290
10778
1047
101
11330
4064
57134
1515
1521
90141
27240
7752
3832
10393
245
4050
5368
4863
4488
3034
1015
914
762
5080
1071
270
162
2891
9472
1358
931
5141
113177
6620
2967
100507436
10360
3001
3396
90957
9121
4211
2806
7035
8021
4478
84179
4636
7203
9452
1674
1499
3028
22920
1488
10000
9249
147179
204
8553
5430
361
7273
100506866
90861
26130
114908
26037
4247
10489
1113
6599
26036
6526
11137
4924
3516
9939
191
23039
22924
4140
3376
8874
23038
26128
26092
23037
64852
256364
7089
23036
5412
10105
6867
6626
9646
9645
10488
23770
10483
23424
57205
7385
23034
5176
5669
79882
9643
1152
6996
8508
5518
10180
1340
1857
6625
2992
400322
23299
1182
47
8824
8270
8803
8878
3880
2919
29966
11059
10159
26121
146542
146540
8451
285282
829
670
493
56271
6752
8555
206358
26118
50999
84243
84975
51232
9986
9217
8462
81875
6094
1783
440352
1266
53635
8131
23512
26030
6595
24
3099
27347
9021
5994
23294
402055
24144
1038
10598
55720
27229
10098
8819
4747
9968
22895
5203
8516
146712
91977
26049
63982
9456
11069
196740
5308
5562
4608
25864
5082
5126
2820
731
2996
2296
6263
11066
2302
4958
5125
7637
6820
9755
79734
7004
4688
25809
10557
6665
93594
6398
9203
79095
5366
3667
7257
773
57827
23149
23148
55856
11314
3092
84759
4793
4246
1787
4957
11061
7978
6691
859
8549
10566
2707
643641
23144
9311
699
8153
126299
5427
8601
1749
11057
2186
3948
6279
23500
1460
22900
9896
27238
7862
10563
3783
9751
8225
722
8065
587
26048
23139
8938
115939
9351
79758
275
23028
5168
6509
440026
8498
10146
22839
6170
351
4267
9500
3460
5612
5019
10144
81689
3347
81691
23509
51763
5354
1213
53615
5496
23423
6892
865
79888
6135
22838
1479
5696
6613
103910
55353
23022
56267
1848
6727
3837
2896
10581
949
10106
1337
84909
58517
4023
1360
10137
7458
5052
6192
3398
27072
9736
10801
5223
6778
9377
515
3151
26123
10049
468
54471
3105
1520
4677
6675
5500
5270
23283
65220
7965
9326
1936
51491
9567
83759
10609
23428
439921
86
9479
5192
11079
3189
3632
801
91304
3187
3855
56910
10905
9445
6524
1487
5007
1431
6294
9208
55651
3777
24139
9860
5434
23527
92140
25936
166
8482
5902
8760
9215
10265
5664
6480
608
6781
53335
506
11187
9337
9619
8487
9749
727897
22864
3174
64849
5406
9410
2968
22863
6199
57819
7364
23137
1802
80205
1755
8767
23136
23135
4212
7402
317648
7748
5338
8534
7461
55565
64848
23133
7083
1466
25849
6636
8986
6424
65123
6832
9473
51103
27254
1209
25807
705
2267
51573
22859
51454
23125
1807
9746
5446
2313
7988
23335
22858
9252
7412
64854
8541
7750
26175
114882
4430
7923
6908
863
23550
5609
22856
3206
8910
56681
23660
1741
23593
9743
5188
23116
23334
7174
10432
5378
6643
127703
9739
5266
8842
6280
2053
3796
4814
3769
23331
5889
2671
3939
11228
57149
7088
5634
23250
10444
58487
22883
3236
22882
4094
8550
1961
3313
65005
5931
10652
284352
4242
10981
3628
10362
130074
10449
4071
7709
90362
8099
3400
2905
5510
2987
7763
3899
10769
8905
734
9957
23517
57476
5134
4308
6939
414
23234
317662
6670
26051
100131755
10677
23231
8817
8651
23379
4669
9554
2627
5036
3208
10607
157567
57148
4733
5016
1393
3109
3911
9325
9422
9895
23113
5303
3046
1308
3664
9732
10781
9969
8914
6388
2530
7104
51101
1871
26168
9728
9589
9727
28955
23398
23397
54432
27076
23328
8398
51347
1384
55810
9391
23325
221692
100
11043
9397
6794
10435
6830
9620
25977
10469
51585
259217
23483
23318
27351
2009
144699
9892
339290
3601
81563
22
594
285596
51090
84159
26043
8867
54677
661
23099
79017
8310
23315
3222
2149
729
10621
441151
5986
23098
23314
8495
54103
10587
9716
9890
5287
23312
23530
10134
1455
1889
23019
9761
25820
4634
552900
22898
10250
800
5935
10133
10410
4809
4205
7125
10130
27069
81
10128
22837
11321
25829
1347
7073
341
11224
23015
487
4128
5119
379
23463
475
6510
6004
8500
25957
1982
285148
9819
7915
57020
6833
5149
4690
23228
6610
26234
79703
138151
9988
79161
150967
23225
2517
23224
29775
2533
25799
6780
51096
57613
4152
23367
9813
4041
10899
8715
10523
55559
2619
84272
1406
11009
11007
6018
5636
8520
219699
171586
27315
10090
93081
26155
23310
138046
1838
90993
23481
1687
9715
4288
4158
7175
2130
3429
3446
4860
3627
3567
4314
5566
3976
4824
4221
5316
3430
10524
26578
1949
10669
10381
8526
1601
50846
842
4595
5793
3596
3590
1201
8379
1573
3198
11140
1998
6827
26226
7376
7786
2352
6822
1847
4796
11010
5745
3316
1381
5917
11214
10966
6753
3848
3195
6886
2492
3593
6716
5971
7272
3483
4072
3008
3912
1901
6715
5702
6098
7128
3142
7450
4490
154
2695
3852
5197
5864
5865
553
1635
2931
5652
5526
100852405
1196
10544
7852
6119
2798
7058
1591
6787
554
4316
3659
6678
4522
8519
54
251
4317
3445
183
5700
6649
3234
55545
4774
644165
5654
3299
64743
284217
4584
4583
25812
3359
3026
4675
1659
6919
94015
7201
5279
3337
22795
302
5739
8294
2764
3960
3841
2878
924
5281
6755
5876
5422
1958
4803
5228
5777
8814
5557
5784
1263
5874
7353
7079
4258
6376
9446
5732
55697
1662
3681
5502
1984
7185
4780
640
5447
4436
5268
3110
6881
3202
2773
5617
4600
2280
3675
1633
3696
7319
4282
5525
6775
3433
5319
5798
8266
5516
4495
1811
5465
1880
7644
10487
3581
4241
5694
9104
6993
4176
5706
660
3981
368
8438
6446
9020
5594
4173
4174
6300
7297
2246
7850
1593
